6.110552763819095290e+00 -1.557839457909214520e+00 2.020092561371360063e+01 1.643538240854728105e+00 1.503622367988588167e+02
6.331658291457285870e+00 -1.457182481765430859e+00 1.986760660530735834e+01 1.641168966454390254e+00 1.503389565678697295e+02
6.552763819095476450e+00 -1.365636260477513630e+00 1.955553619159205780e+01 1.638949851598732632e+00 1.503178613307574665e+02
6.773869346733668806e+00 -1.283300112725289432e+00 1.926268895435355688e+01 1.636866870024800136e+00 1.502986803641320250e+02
6.994974874371859386e+00 -1.207832263088049585e+00 1.898728738516816250e+01 1.634907735260324291e+00 1.502811827920694441e+02
7.216080402010049966e+00 -1.138582888739529730e+00 1.872788470506662151e+01 1.633061992433017640e+00 1.502651832581285305e+02
7.437185929648240545e+00 -1.075720736707999281e+00 1.848308731933875393e+01 1.631319715119438740e+00 1.502505131264281033e+02
7.658291457286432902e+00 -1.017084592541784849e+00 1.825172190605485767e+01 1.629672408064608780e+00 1.502370775033702444e+02
7.879396984924623482e+00 -9.639696608794832144e-01 1.803271088306356162e+01 1.628112773206509711e+00 1.502247047579691070e+02
8.100502512562814061e+00 -9.147481980168419291e-01 1.782501343132627980e+01 1.626633804017004081e+00 1.502132345754125708e+02
8.321608040201004641e+00 -8.689060047109118390e-01 1.762782552951718174e+01 1.625229416919153014e+00 1.502026221835186277e+02
8.542713567839195221e+00 -8.267895395280839832e-01 1.744036170050583578e+01 1.623894099220979825e+00 1.501927837532991816e+02
8.763819095477387577e+00 -7.873575226186519949e-01 1.726191328157504046e+01 1.622622928371171280e+00 1.501836453949562724e+02
8.984924623115578157e+00 -7.510138686782149575e-01 1.709184207248694420e+01 1.621411239275086569e+00 1.501751421029475182e+02
9.206030150753768737e+00 -7.164366157976517213e-01 1.692961136566046676e+01 1.620254964876484127e+00 1.501672201789157270e+02
9.427135678391961093e+00 -6.850826655438603252e-01 1.677466953556240981e+01 1.619150519839529068e+00 1.501598252433222171e+02
9.648241206030151673e+00 -6.552922768927279540e-01 1.662648738112218183e+01 1.618094462513009368e+00 1.501529072431495138e+02
9.869346733668342253e+00 -6.276301619550560540e-01 1.648465675974202682e+01 1.617083529709486545e+00 1.501464288261214222e+02
1.009045226130653283e+01 -6.014066519912720787e-01 1.634878334312484327e+01 1.616114975976578716e+00 1.501403537408025102e+02
1.031155778894472341e+01 -5.770826736411536206e-01 1.621849809104487861e+01 1.615186230979223980e+00 1.501346491525015665e+02
1.053266331658291399e+01 -5.539458884043007014e-01 1.609345975755241653e+01 1.614294774183232084e+00 1.501292853450697180e+02
1.075376884422110635e+01 -5.322997223709176051e-01 1.597337230309485356e+01 1.613438561162237939e+00 1.501242363465013057e+02
1.097487437185929693e+01 -5.119413544305536634e-01 1.585792856596102318e+01 1.612615400166747204e+00 1.501194771939416910e+02
1.119597989949748751e+01 -4.927403957879248342e-01 1.574685822171576532e+01 1.611823416003397291e+00 1.501149858648664690e+02
1.141708542713567986e+01 -4.740309996158750816e-01 1.563997897197262965e+01 1.611061001385541092e+00 1.501107935840670677e+02
1.163819095477387044e+01 -4.574176191326420615e-01 1.553700475281450366e+01 1.610326388404932141e+00 1.501068316280142767e+02
1.185929648241206102e+01 -4.409646110606041947e-01 1.543768611430067672e+01 1.609618086624081457e+00 1.501030335444135346e+02
1.208040201005025160e+01 -4.255962317822554186e-01 1.534188541810699391e+01 1.608934753955234331e+00 1.500994350754108382e+02
1.230150753768844218e+01 -4.108688411553754194e-01 1.524941189245559769e+01 1.608275122228133736e+00 1.500960221870146825e+02
1.252261306532663276e+01 -3.971207931815660119e-01 1.516008640524246864e+01 1.607638009620159902e+00 1.500927820177959120e+02
1.274371859296482512e+01 -3.838526398810158669e-01 1.507374763374811266e+01 1.607022174371974144e+00 1.500897029712499489e+02
1.296482412060301570e+01 -3.712429724305771894e-01 1.499026972685939363e+01 1.606426588894530827e+00 1.500867753147790609e+02
1.318592964824120628e+01 -3.593557271677089715e-01 1.490950002137616615e+01 1.605850299839948203e+00 1.500839888319927695e+02
1.340703517587939864e+01 -3.480444921477461873e-01 1.483129497200460811e+01 1.605292425708789272e+00 1.500813341070629008e+02
1.362814070351758922e+01 -3.371530673080881391e-01 1.475554448804466645e+01 1.604751996483950727e+00 1.500788047901291407e+02
1.384924623115577980e+01 -3.264688443862043266e-01 1.468217925157595083e+01 1.604228203560144950e+00 1.500763940738760880e+02
1.407035175879397038e+01 -3.170574414780972794e-01 1.461103564208341510e+01 1.603720381943937401e+00 1.500740907703778362e+02
1.429145728643216096e+01 -3.075125043164181893e-01 1.454198770837748889e+01 1.603227722592499127e+00 1.500718882221226238e+02
1.451256281407035331e+01 -2.984458025953657390e-01 1.447499734278925132e+01 1.602749646571924425e+00 1.500697830578145897e+02
1.473366834170854389e+01 -2.898839331393206487e-01 1.440995586446682353e+01 1.602285558384895836e+00 1.500677690478739521e+02
1.495477386934673447e+01 -2.816257476845105412e-01 1.434677388970237999e+01 1.601834723741770938e+00 1.500658408268737389e+02
1.517587939698492505e+01 -2.737876062154883106e-01 1.428537140836670183e+01 1.601396573197410023e+00 1.500639935513114835e+02
1.539698492462311563e+01 -2.662207638860479841e-01 1.422567199056653209e+01 1.600970609407649237e+00 1.500622226816812486e+02
1.561809045226130799e+01 -2.588642479956235753e-01 1.416762239126303058e+01 1.600556365687873850e+00 1.500605245597650992e+02
1.583919597989949857e+01 -2.518404954874566282e-01 1.411116257037545374e+01 1.600153369727746799e+00 1.500588954732395450e+02
1.606030150753768737e+01 -2.452575713600310681e-01 1.405620700519633459e+01 1.599761145985588717e+00 1.500573311166393182e+02
1.628140703517587795e+01 -2.387430756221226302e-01 1.400269939598222813e+01 1.599379295421275771e+00 1.500558281875882187e+02
1.650251256281406853e+01 -2.326758373472533614e-01 1.395058273223686918e+01 1.599007362396630549e+00 1.500543835035850577e+02
1.672361809045225911e+01 -2.266513232872107708e-01 1.389980284513155162e+01 1.598645009033278219e+00 1.500529940675001797e+02
1.694472361809045324e+01 -2.209131150895926876e-01 1.385032335948185533e+01 1.598291840849475509e+00 1.500516574999743682e+02
1.716582914572864027e+01 -2.154217215852099743e-01 1.380208533733690146e+01 1.597947480002823717e+00 1.500503708881341538e+02
1.738693467336683440e+01 -2.101726078089241889e-01 1.375503470795664640e+01 1.597611680452665439e+00 1.500491315623162905e+02
1.760804020100502498e+01 -2.049673552395783194e-01 1.370913983766987698e+01 1.597284079871052587e+00 1.500479375405814437e+02
1.782914572864321556e+01 -2.001506987534471815e-01 1.366435291712793365e+01 1.596964381899625307e+00 1.500467864952515242e+02
1.805025125628140614e+01 -1.953657058184408157e-01 1.362062748546671997e+01 1.596652348625491991e+00 1.500456762064081886e+02
1.827135678391959672e+01 -1.908207248365032804e-01 1.357793350820838540e+01 1.596347674069962475e+00 1.500446049611966828e+02
1.849246231155778730e+01 -1.862080856495024195e-01 1.353625193116973158e+01 1.596050083384394247e+00 1.500435729888179708e+02
1.871356783919597788e+01 -1.816405766694337287e-01 1.349558524488321609e+01 1.595759377029772663e+00 1.500425785555987090e+02
1.893467336683417201e+01 -1.780307350199092642e-01 1.345582258730951963e+01 1.595475254965451173e+00 1.500416158184157780e+02
1.915577889447235904e+01 -1.740120157234475717e-01 1.341690328823236378e+01 1.595197506300365387e+00 1.500406834790581740e+02
1.937688442211055317e+01 -1.701278020472702379e-01 1.337885768023761202e+01 1.594925992998801334e+00 1.500397822737871820e+02
1.959798994974874375e+01 -1.663382901219367105e-01 1.334166042381689543e+01 1.594660443484279044e+00 1.500389109186992300e+02
1.981909547738693433e+01 -1.627818363442237737e-01 1.330527528420757122e+01 1.594400691535955206e+00 1.500380679186673945e+02
2.004020100502512491e+01 -1.592752910485223383e-01 1.326967097866666379e+01 1.594146507348659370e+00 1.500372519373938189e+02
2.026130653266331549e+01 -1.559389285414640169e-01 1.323482317549591158e+01 1.593897719292669324e+00 1.500364618475754810e+02
2.048241206030150607e+01 -1.525712441194020108e-01 1.320071652324194744e+01 1.593654222786395236e+00 1.500356967574207943e+02
2.070351758793969665e+01 -1.494385543968349550e-01 1.316732850531552934e+01 1.593415809997431820e+00 1.500349556451722890e+02
2.092462311557789079e+01 -1.464494627711186159e-01 1.313461726723665990e+01 1.593182316267298226e+00 1.500342370839892965e+02
2.114572864321607781e+01 -1.434770439913983509e-01 1.310256509060964802e+01 1.592953568073435022e+00 1.500335402259672151e+02
2.136683417085427195e+01 -1.405688830698816894e-01 1.307116302832146459e+01 1.592729458471429549e+00 1.500328644445698387e+02
2.158793969849246253e+01 -1.376561765078370969e-01 1.304040447902141686e+01 1.592509854094768196e+00 1.500322091789684293e+02
2.180904522613065311e+01 -1.350101400501902693e-01 1.301026046412555459e+01 1.592294639424902014e+00 1.500315734070367455e+02
2.203015075376884369e+01 -1.323437584164325609e-01 1.298070375173225877e+01 1.592083611559593326e+00 1.500309561668329366e+02
2.225125628140703427e+01 -1.297940613406645682e-01 1.295172369125659984e+01 1.591876651620947047e+00 1.500303568816358677e+02
2.247236180904522485e+01 -1.273614798524084768e-01 1.292329443544631040e+01 1.591673715310863102e+00 1.500297746718440237e+02
2.269346733668341543e+01 -1.248665370505955274e-01 1.289540993106507472e+01 1.591474619509136268e+00 1.500292090889140866e+02
2.291457286432160600e+01 -1.225641632060876784e-01 1.286805578329800426e+01 1.591279311166168497e+00 1.500286595321595371e+02
2.313567839195980014e+01 -1.203110791563479220e-01 1.284120525399160329e+01 1.591087689317580711e+00 1.500281251613477593e+02
2.335678391959799072e+01 -1.180206643737308353e-01 1.281485702103852908e+01 1.590899606111492171e+00 1.500276056712374384e+02
2.357788944723618130e+01 -1.159421270502277029e-01 1.278899178781577994e+01 1.590714967794685242e+00 1.500271004101665824e+02
2.379899497487437188e+01 -1.137185328138859142e-01 1.276360216712728501e+01 1.590533680273910955e+00 1.500266089739976962e+02
2.402010050251256246e+01 -1.117800481282007902e-01 1.273867267576685336e+01 1.590355679784130949e+00 1.500261308192498007e+02
2.424120603015075304e+01 -1.097460028145568339e-01 1.271418235857720269e+01 1.590180856536726584e+00 1.500256653016584494e+02
2.446231155778894362e+01 -1.077319371841670981e-01 1.269013957124066039e+01 1.590009138094784502e+00 1.500252123620574594e+02
2.468341708542713420e+01 -1.060027305379873663e-01 1.266651061300001935e+01 1.589840417421810148e+00 1.500247711431853475e+02
2.490452261306532478e+01 -1.040472521859466398e-01 1.264328900686973611e+01 1.589674650846681470e+00 1.500243413180137964e+02
2.512562814070351891e+01 -1.022310988110232133e-01 1.262048436505097371e+01 1.589511772443021442e+00 1.500239228758176182e+02
2.534673366834170949e+01 -1.005846249903009082e-01 1.259806252623876865e+01 1.589351670292898921e+00 1.500235149901107263e+02
2.556783919597990007e+01 -9.888430959312384527e-02 1.257601068422452073e+01 1.589194252000981411e+00 1.500231172476736958e+02
2.578894472361809065e+01 -9.724094513114733829e-02 1.255432849526002848e+01 1.589039471478604471e+00 1.500227294758735752e+02
2.601005025125628123e+01 -9.562973935388852098e-02 1.253300610803052706e+01 1.588887306756417983e+00 1.500223513331230265e+02
2.623115577889447181e+01 -9.400909999502912728e-02 1.251204101021305881e+01 1.588737646936221770e+00 1.500219826171212958e+02
2.645226130653266239e+01 -9.222674262819104130e-02 1.249145212308888375e+01 1.588590447572896025e+00 1.500216252463676199e+02
2.667336683417085297e+01 -9.096806360155468285e-02 1.247119943094288175e+01 1.588445648448917336e+00 1.500212766314071473e+02
2.689447236180904355e+01 -8.955808525029623768e-02 1.245124176624569223e+01 1.588303180064727371e+00 1.500209341712748028e+02
2.711557788944723413e+01 -8.812512228781770041e-02 1.243159839656811094e+01 1.588162998538152237e+00 1.500205998124789915e+02
2.733668341708542826e+01 -8.663827064787577026e-02 1.241227782046466643e+01 1.588025079473983192e+00 1.500202735746234168e+02
2.755778894472361884e+01 -8.494942871515860638e-02 1.239330832606272459e+01 1.587889308249308629e+00 1.500199563646047807e+02
2.777889447236180942e+01 -8.399537596815789819e-02 1.237463101097210583e+01 1.587755619375577965e+00 1.500196465041252623e+02
2.800000000000000000e+01 -8.273722750161320583e-02 1.235619826083977024e+01 1.587624037497257223e+00 1.500193425212144405e+02
2.822110552763819058e+01 -8.144959174618922326e-02 1.233804695418925945e+01 1.587494463537527212e+00 1.500190454922475851e+02
2.844221105527638116e+01 -8.019840115872638175e-02 1.232017632180781064e+01 1.587366894888046165e+00 1.500187553006421410e+02
2.866331658291457174e+01 -7.898736786344483229e-02 1.230257789508174149e+01 1.587241270461901888e+00 1.500184717048408061e+02
2.888442211055276232e+01 -7.782362725154967631e-02 1.228524200617455620e+01 1.587117516759455116e+00 1.500181944492352102e+02
2.910552763819095290e+01 -7.663454099676492159e-02 1.226816622878027019e+01 1.586995622851106846e+00 1.500179234012896075e+02
2.932663316582914703e+01 -7.543206846711288105e-02 1.225135484481943848e+01 1.586875527848204293e+00 1.500176585392721051e+02
2.954773869346733761e+01 -7.443888094319842108e-02 1.223478619714593840e+01 1.586757209332559038e+00 1.500173994292532598e+02
2.976884422110552819e+01 -7.331354082326364818e-02 1.221845175855869137e+01 1.586640607305873640e+00 1.500171458513103175e+02
2.998994974874371877e+01 -7.212880272844729435e-02 1.220237270550272335e+01 1.586525741786423804e+00 1.500168980596926644e+02
3.021105527638190935e+01 -7.124736604671171036e-02 1.218652207377883556e+01 1.586412505105941229e+00 1.500166555531943970e+02
3.043216080402009993e+01 -7.024999624098017537e-02 1.217087914930482029e+01 1.586300837815947551e+00 1.500164179349107201e+02
3.065326633165829051e+01 -6.918317117561559315e-02 1.215546442727886500e+01 1.586190803228326951e+00 1.500161854529997925e+02
3.087437185929648109e+01 -6.818373573269718990e-02 1.214027813606286976e+01 1.586082308595545998e+00 1.500159580391679981e+02
3.109547738693467167e+01 -6.725361564757506572e-02 1.212530516254344271e+01 1.585975337435974630e+00 1.500157353946429453e+02
3.131658291457286580e+01 -6.637868619928506686e-02 1.211053174223876461e+01 1.585869883205190289e+00 1.500155172474190408e+02
3.153768844221105638e+01 -6.546165152135204057e-02 1.209595642852090513e+01 1.585765840060362919e+00 1.500153035136188180e+02
3.175879396984924696e+01 -6.450017795665245746e-02 1.208158878908112577e+01 1.585663235802813542e+00 1.500150942763852981e+02
3.197989949748744110e+01 -6.372023386328846961e-02 1.206741366817640859e+01 1.585562052702310876e+00 1.500148892527467126e+02
3.220100502512563168e+01 -6.282254770596783222e-02 1.205342401393257035e+01 1.585462190358864376e+00 1.500146882816719938e+02
3.242211055276381870e+01 -6.201806848954048018e-02 1.203962253877527999e+01 1.585363669590179825e+00 1.500144913510242759e+02
3.264321608040201284e+01 -6.115435078303921995e-02 1.202600548739841102e+01 1.585266467515920707e+00 1.500142983525844613e+02
3.286432160804020697e+01 -6.024589267614052779e-02 1.201258435495568655e+01 1.585170578559054633e+00 1.500141094001528472e+02
3.308542713567839400e+01 -5.953031887653988802e-02 1.199934276372875885e+01 1.585075971021048247e+00 1.500139242082584872e+02
3.330653266331658813e+01 -5.878993059580205766e-02 1.198626213313382571e+01 1.584982602667108331e+00 1.500137424640445545e+02
3.352763819095478226e+01 -5.803096425996912694e-02 1.197334726033570007e+01 1.584890415758656745e+00 1.500135641911473670e+02
3.374874371859296929e+01 -5.718891621519840013e-02 1.196060938410226449e+01 1.584799401187730661e+00 1.500133895023666923e+02
3.396984924623115631e+01 -5.652007457180091565e-02 1.194803854089968098e+01 1.584709580848892019e+00 1.500132182155863632e+02
3.419095477386935045e+01 -5.579385019783196509e-02 1.193562192610102812e+01 1.584620907202545004e+00 1.500130501102233325e+02
3.441206030150754458e+01 -5.514801857066616714e-02 1.192335699588541509e+01 1.584533362010435820e+00 1.500128851121060336e+02
3.463316582914573161e+01 -5.440512853019537076e-02 1.191124559268833494e+01 1.584446912228826054e+00 1.500127232073039067e+02
3.485427135678391863e+01 -5.368714588522021519e-02 1.189929569300421974e+01 1.584361524307340119e+00 1.500125644662897457e+02
3.507537688442211277e+01 -5.304740227072708009e-02 1.188749589371059656e+01 1.584277209319895574e+00 1.500124086971483166e+02
3.529648241206030690e+01 -5.245148719704488538e-02 1.187583269990008894e+01 1.584193961391826999e+00 1.500122556833767078e+02
3.551758793969849393e+01 -5.175762128240950222e-02 1.186431209494256223e+01 1.584111731046583316e+00 1.500121054702619858e+02
3.573869346733668806e+01 -5.115539427891058200e-02 1.185293477663929984e+01 1.584030477192511777e+00 1.500119580341321637e+02
3.595979899497488219e+01 -5.055350932805598163e-02 1.184169057624053956e+01 1.583950219533594383e+00 1.500118132081791202e+02
3.618090452261306922e+01 -4.992019675321992395e-02 1.183058293034210706e+01 1.583870937640521559e+00 1.500116710062927439e+02
3.640201005025125625e+01 -4.936038202260371183e-02 1.181960718796488052e+01 1.583792594661531883e+00 1.500115313376653319e+02
3.662311557788945038e+01 -4.872473944334022866e-02 1.180876360669728875e+01 1.583715195953798283e+00 1.500113941753360791e+02
3.684422110552764451e+01 -4.813066992784059694e-02 1.179805597350047464e+01 1.583638728069549639e+00 1.500112595389445005e+02
3.706532663316583154e+01 -4.756543691460069639e-02 1.178747650440231709e+01 1.583563128243450358e+00 1.500111272993943885e+02
3.728643216080402567e+01 -4.701288302179441880e-02 1.177702060973598108e+01 1.583488408799452518e+00 1.500109973713611282e+02
3.750753768844221980e+01 -4.648002910647237862e-02 1.176668470990270521e+01 1.583414593608468479e+00 1.500108696837314710e+02
3.772864321608040683e+01 -4.601296136959553973e-02 1.175645935417168175e+01 1.583341611046527930e+00 1.500107440921271973e+02
3.794974874371859386e+01 -4.540298429744198117e-02 1.174635306872105645e+01 1.583269479341609554e+00 1.500106206787871201e+02
3.817085427135678799e+01 -4.485675560825276575e-02 1.173637460501288743e+01 1.583198170278982797e+00 1.500104995280493654e+02
3.839195979899498212e+01 -4.439455421711669542e-02 1.172650762603721830e+01 1.583127656272730333e+00 1.500103804134035670e+02
3.861306532663316915e+01 -4.389377836930920262e-02 1.171674710685681120e+01 1.583057948229311229e+00 1.500102632507972942e+02
3.883417085427136328e+01 -4.345152244227334926e-02 1.170709084244547959e+01 1.582989030228314276e+00 1.500101479919261465e+02
3.905527638190955031e+01 -4.292069717774767840e-02 1.169754215484929638e+01 1.582920879893632726e+00 1.500100346556127704e+02
3.927638190954774444e+01 -4.243080654206259766e-02 1.168810631021695556e+01 1.582853490680760977e+00 1.500099232847576047e+02
3.949748743718593147e+01 -4.192430753904610036e-02 1.167878061921301480e+01 1.582786842752993639e+00 1.500098138251738646e+02
3.971859296482412560e+01 -4.152311126431037364e-02 1.166955527643073331e+01 1.582720910055322339e+00 1.500097061399584675e+02
3.993969849246231263e+01 -4.104661253161667744e-02 1.166042696525731515e+01 1.582655716941426594e+00 1.500096001705812796e+02
4.016080402010050676e+01 -4.064741378979134373e-02 1.165139546485997180e+01 1.582591261915507586e+00 1.500094958963616705e+02
4.038190954773870089e+01 -4.018207234932635874e-02 1.164245954176921494e+01 1.582527488351182621e+00 1.500093932841999731e+02
4.060301507537688792e+01 -3.977052581767566430e-02 1.163362056106733533e+01 1.582464359257154562e+00 1.500092923330324197e+02
4.082412060301508205e+01 -3.936942052507622081e-02 1.162487142127064921e+01 1.582401917160610738e+00 1.500091929430734865e+02
4.104522613065326908e+01 -3.892478024858928021e-02 1.161621578098411334e+01 1.582340143198355698e+00 1.500090951400971448e+02
4.126633165829146321e+01 -3.846125232482688200e-02 1.160766054120212765e+01 1.582279042804867419e+00 1.500089989869071303e+02
4.148743718592965024e+01 -3.815278510782414007e-02 1.159919064761660934e+01 1.582218595090570945e+00 1.500089042948058022e+02
4.170854271356784437e+01 -3.768657544328828102e-02 1.159080639670141011e+01 1.582158758231571483e+00 1.500088110511515538e+02
4.192964824120603140e+01 -3.730392572789738986e-02 1.158251598953675732e+01 1.582099550487501283e+00 1.500087193348111327e+02
4.215075376884422553e+01 -3.662047883984334562e-02 1.157434344229811174e+01 1.582040958527138441e+00 1.500086307890787793e+02
4.237185929648241967e+01 -3.658562654091269267e-02 1.156625030501983709e+01 1.581982977811648761e+00 1.500085435794058810e+02
4.259296482412060669e+01 -3.614718111545583284e-02 1.155820949211310378e+01 1.581925595926944039e+00 1.500084559973553269e+02
4.281407035175880083e+01 -3.580899639132594653e-02 1.155025453781587075e+01 1.581868780775329775e+00 1.500083697950267378e+02
4.303517587939698785e+01 -3.548429096147272949e-02 1.154237286785727079e+01 1.581812533524264985e+00 1.500082848202154082e+02
4.325628140703518199e+01 -3.506840368294688454e-02 1.153457307246944552e+01 1.581756872221995680e+00 1.500082011545821672e+02
4.347738693467336901e+01 -3.470251764036031555e-02 1.152685970428294837e+01 1.581701784161468893e+00 1.500081188349532795e+02
4.369849246231156314e+01 -3.438506511371102609e-02 1.151922188106390621e+01 1.581647234777640021e+00 1.500080377299969427e+02
4.391959798994975017e+01 -3.408302274239820989e-02 1.151165254471800381e+01 1.581593216274022273e+00 1.500079577517296627e+02
4.414070351758794430e+01 -3.369776910435011430e-02 1.150415919084549898e+01 1.581539740871043431e+00 1.500078789695890009e+02
4.436180904522613844e+01 -3.336708940755803154e-02 1.149674498538187173e+01 1.581486788994480142e+00 1.500078014060979967e+02
4.458291457286432546e+01 -3.263614992068786941e-02 1.148944814485312094e+01 1.581434361140718003e+00 1.500077258896364469e+02
4.480402010050251960e+01 -3.271275017229685611e-02 1.148222364333530265e+01 1.581382448820343622e+00 1.500076514946470638e+02
4.502512562814070662e+01 -3.241941584079079813e-02 1.147502310236903256e+01 1.581331020610611704e+00 1.500075772625285424e+02
4.524623115577890076e+01 -3.205901520523172371e-02 1.146789483361017581e+01 1.581280110103235215e+00 1.500075041319972229e+02
4.546733668341708778e+01 -3.184348344375053513e-02 1.146083023576958482e+01 1.581229699972485747e+00 1.500074320035440110e+02
4.568844221105528192e+01 -3.147147109684735045e-02 1.145383059255404135e+01 1.581179752250485349e+00 1.500073608801493492e+02
4.590954773869346894e+01 -3.117950091775700816e-02 1.144690435444187315e+01 1.581130284181445855e+00 1.500072908403678298e+02
4.613065326633166308e+01 -3.085872153797501738e-02 1.144004585748696812e+01 1.581081300909113363e+00 1.500072218155835344e+02
4.635175879396985721e+01 -3.066023882411641685e-02 1.143324476639166143e+01 1.581032771839068429e+00 1.500071536910301120e+02
4.657286432160804424e+01 -3.030145109308452628e-02 1.142650528308423219e+01 1.580984681601223851e+00 1.500070865005393159e+02
4.679396984924623837e+01 -2.999846443057075165e-02 1.141983896076503413e+01 1.580937070866662797e+00 1.500070203532596338e+02
4.701507537688442540e+01 -2.975635874710339662e-02 1.141323289991122181e+01 1.580889889601050147e+00 1.500069551092968823e+02
4.723618090452261953e+01 -2.952520160966888227e-02 1.140667915957027212e+01 1.580843123329130906e+00 1.500068906806964435e+02
4.745728643216080656e+01 -2.919382735762111880e-02 1.140018760862916380e+01 1.580796802021428471e+00 1.500068271586685000e+02
4.767839195979900069e+01 -2.893053825008314039e-02 1.139376179936600053e+01 1.580750908564622081e+00 1.500067645706772907e+02
4.789949748743718771e+01 -2.867241040870297658e-02 1.138739363418764228e+01 1.580705427575111788e+00 1.500067028279104306e+02
4.812060301507538185e+01 -2.834283593898339129e-02 1.138109044112407986e+01 1.580660365012318547e+00 1.500066419946419956e+02
4.834170854271356887e+01 -2.814186922562917845e-02 1.137484590085462521e+01 1.580615720734306340e+00 1.500065820014194173e+02
4.856281407035176301e+01 -2.789463228221110078e-02 1.136865091073818057e+01 1.580571474859736369e+00 1.500065227516778350e+02
4.878391959798995714e+01 -2.765487969456982900e-02 1.136250975866034452e+01 1.580527612706178031e+00 1.500064642805519952e+02
4.900502512562814417e+01 -2.744261026652078037e-02 1.135641857886565198e+01 1.580484153343380882e+00 1.500064065440042498e+02
4.922613065326633830e+01 -2.714762984958201189e-02 1.135038347694326788e+01 1.580441095435581422e+00 1.500063495941922440e+02
4.944723618090452533e+01 -2.692937519982500222e-02 1.134440511457599854e+01 1.580398396187482346e+00 1.500062934308249964e+02
4.966834170854271946e+01 -2.666305223204002914e-02 1.133848032360362978e+01 1.580356079915159917e+00 1.500062380166607454e+02
4.988944723618090649e+01 -2.637986522099480466e-02 1.133261628247817043e+01 1.580314153620104856e+00 1.500061834132529270e+02
